6.500000
26.000000
84.500000
260.000000
786.500000
2366.000000
7104.500000
21320.000000
63966.500000
191906.000000
575724.500000
1727180.000000
5181546.500000
15544646.000000
46633944.500000
139901840.000000
419705526.500000
1259116586.000000
3777349764.500000
11332049300.000000
33996147906.500000
101988443726.000000
305965331184.500000
917895993560.000000
2753687980686.500000
8261063942066.000000
24783191826204.500000
74349575478620.000000
223048726435866.500000
669146179307606.000000
2007438537922824.500000
6022315613768480.000000
18066946841305448.000000
36133893682610896.000000
54200840523916344.000000
72267787365221792.000000
90334734206527232.000000
108401681047832672.000000
126468627889138112.000000
